0 5
1 7
2 13
3 29
4 61
5 115
6 197
7 313
8 469
9 671
10 925
11 1237
12 1613
13 2059
14 2581
15 3185
16 3877
17 4663
18 5549
19 6541
20 7645
21 8867
22 10213
23 11689
24 13301
25 15055
26 16957
27 19013
28 21229
29 23611
30 26165
31 28897
32 31813
33 34919
34 38221
35 41725
36 45437
37 49363
38 53509
39 57881
40 62485
41 67327
42 72413
43 77749
44 83341
45 89195
46 95317
47 101713
48 108389
49 115351
50 122605
51 130157
52 138013
53 146179
54 154661
55 163465
56 172597
57 182063
58 191869
59 202021
60 212525
61 223387
62 234613
63 246209
64 258181
65 270535
66 283277
67 296413
68 309949
69 323891
70 338245
71 353017
72 368213
73 383839
74 399901
75 416405
76 433357
77 450763
78 468629
79 486961
80 505765
81 525047
82 544813
83 565069
84 585821
85 607075
86 628837
87 651113
88 673909
89 697231
90 721085
91 745477
92 770413
93 795899
94 821941
95 848545
96 875717
97 903463
98 931789
99 960701
100 990205
101 1020307
102 1051013
103 1082329
104 1114261
105 1146815
106 1179997
107 1213813
108 1248269
109 1283371
110 1319125
111 1355537
112 1392613
113 1430359
114 1468781
115 1507885
116 1547677
117 1588163
118 1629349
119 1671241
120 1713845
121 1757167
122 1801213
123 1845989
124 1891501
125 1937755
126 1984757
127 2032513
128 2081029
129 2130311
130 2180365
131 2231197
132 2282813
133 2335219
134 2388421
135 2442425
136 2497237
137 2552863
138 2609309
139 2666581
140 2724685
141 2783627
142 2843413
143 2904049
144 2965541
145 3027895
146 3091117
147 3155213
148 3220189
149 3286051
150 3352805
151 3420457
152 3489013
153 3558479
154 3628861
155 3700165
156 3772397
157 3845563
158 3919669
159 3994721
160 4070725
161 4147687
162 4225613
163 4304509
164 4384381
165 4465235
166 4547077
167 4629913
168 4713749
169 4798591
170 4884445
171 4971317
172 5059213
173 5148139
174 5238101
175 5329105
176 5421157
177 5514263
178 5608429
179 5703661
180 5799965
181 5897347
182 5995813
183 6095369
184 6196021
185 6297775
186 6400637
187 6504613
188 6609709
189 6715931
190 6823285
191 6931777
192 7041413
193 7152199
194 7264141
195 7377245
196 7491517
197 7606963
198 7723589
199 7841401
200 7960405
201 8080607
202 8202013
203 8324629
204 8448461
205 8573515
206 8699797
207 8827313
208 8956069
209 9086071
210 9217325
211 9349837
212 9483613
213 9618659
214 9754981
215 9892585
216 10031477
217 10171663
218 10313149
219 10455941
220 10600045
221 10745467
222 10892213
223 11040289
224 11189701
225 11340455
226 11492557
227 11646013
228 11800829
229 11957011
230 12114565
231 12273497
232 12433813
233 12595519
234 12758621
235 12923125
236 13089037
237 13256363
238 13425109
239 13595281
240 13766885
241 13939927
242 14114413
243 14290349
244 14467741
245 14646595
246 14826917
247 15008713
248 15191989
249 15376751
250 15563005
251 15750757
252 15940013
253 16130779
254 16323061
255 16516865
256 16712197
257 16909063
258 17107469
259 17307421
260 17508925
261 17711987
262 17916613
263 18122809
264 18330581
265 18539935
266 18750877
267 18963413
268 19177549
269 19393291
270 19610645
271 19829617
272 20050213
273 20272439
274 20496301
275 20721805
276 20948957
277 21177763
278 21408229
279 21640361
280 21874165
281 22109647
282 22346813
283 22585669
284 22826221
285 23068475
286 23312437
287 23558113
288 23805509
289 24054631
290 24305485
291 24558077
292 24812413
293 25068499
294 25326341
295 25585945
296 25847317
297 26110463
298 26375389
299 26642101
300 26910605
301 27180907
302 27453013
303 27726929
304 28002661
305 28280215
306 28559597
307 28840813
308 29123869
309 29408771
310 29695525
311 29984137
312 30274613
313 30566959
314 30861181
315 31157285
316 31455277
317 31755163
318 32056949
319 32360641
320 32666245
321 32973767
322 33283213
323 33594589
324 33907901
325 34223155
326 34540357
327 34859513
328 35180629
329 35503711
330 35828765
331 36155797
332 36484813
333 36815819
334 37148821
335 37483825
336 37820837
337 38159863
338 38500909
339 38843981
340 39189085
341 39536227
342 39885413
343 40236649
344 40589941
345 40945295
346 41302717
347 41662213
348 42023789
349 42387451
350 42753205
351 43121057
352 43491013
353 43863079
354 44237261
355 44613565
356 44991997
357 45372563
358 45755269
359 46140121
360 46527125
361 46916287
362 47307613
363 47701109
364 48096781
365 48494635
366 48894677
367 49296913
368 49701349
369 50107991
370 50516845
371 50927917
372 51341213
373 51756739
374 52174501
375 52594505
376 53016757
377 53441263
378 53868029
379 54297061
380 54728365
381 55161947
382 55597813
383 56035969
384 56476421
385 56919175
386 57364237
387 57811613
388 58261309
389 58713331
390 59167685
391 59624377
392 60083413
393 60544799
394 61008541
395 61474645
396 61943117
397 62413963
398 62887189
399 63362801
400 63840805
401 64321207
402 64804013
403 65289229
404 65776861
405 66266915
406 66759397
407 67254313
408 67751669
409 68251471
410 68753725
411 69258437
412 69765613
413 70275259
414 70787381
415 71301985
416 71819077
417 72338663
418 72860749
419 73385341
420 73912445
421 74442067
422 74974213
423 75508889
424 76046101
425 76585855
426 77128157
427 77673013
428 78220429
429 78770411
430 79322965
431 79878097
432 80435813
433 80996119
434 81559021
435 82124525
436 82692637
437 83263363
438 83836709
439 84412681
440 84991285
441 85572527
442 86156413
443 86742949
444 87332141
445 87923995
446 88518517
447 89115713
448 89715589
449 90318151
450 90923405
451 91531357
452 92142013
453 92755379
454 93371461
455 93990265
456 94611797
457 95236063
458 95863069
459 96492821
460 97125325
461 97760587
462 98398613
463 99039409
464 99682981
465 100329335
466 100978477
467 101630413
468 102285149
469 102942691
470 103603045
471 104266217
472 104932213
473 105601039
474 106272701
475 106947205
476 107624557
477 108304763
478 108987829
479 109673761
480 110362565
481 111054247
482 111748813
483 112446269
484 113146621
485 113849875
486 114556037
487 115265113
488 115977109
489 116692031
490 117409885
491 118130677
492 118854413
493 119581099
494 120310741
495 121043345
496 121778917
497 122517463
498 123258989
499 124003501
